0 31 1
0 112 5
0 85 5
0 108 2
0 32 1
0 107 3
0 87 5
0 61 4
0 2 4
0 28 3
0 147 5
0 122 4
1 102 5
1 76 1
1 14 4
1 10 4
1 51 1
1 16 3
1 35 3
1 77 5
1 37 1
1 59 2
1 131 3
1 57 3
2 93 4
2 102 1
2 136 5
2 55 4
2 110 5
2 97 2
2 17 5
2 12 5
2 68 5
2 128 4
2 15 4
2 67 5
2 144 4
2 22 3
2 13 1
2 52 5
2 4 1
2 107 2
2 127 3
2 14 2
2 69 2
3 94 5
3 108 5
3 60 1
3 27 1
3 81 4
3 138 2
3 37 1
3 75 1
3 12 2
3 42 5
3 21 3
3 77 1
4 148 1
4 120 3
4 60 3
4 118 5
4 92 5
4 116 1
4 66 4
4 7 5
4 33 3
4 63 1
4 56 1
4 20 4
4 143 4
5 37 2
5 32 2
5 97 2
5 84 1
5 130 1
5 147 3
5 70 1
5 143 5
5 98 3
5 14 2
5 133 2
5 50 4
6 50 3
6 65 4
6 101 5
6 67 4
6 51 4
6 100 5
6 110 2
6 81 2
6 120 4
6 148 2
6 111 5
6 75 4
6 116 3
6 23 5
6 25 4
6 87 5
7 44 3
7 81 5
7 43 1
7 65 3
7 96 5
7 98 1
7 80 5
7 54 2
7 129 3
7 35 3
7 118 1
7 85 4
7 102 1
7 78 5
7 115 4
7 12 4
8 140 5
8 73 5
8 41 1
8 53 4
8 110 3
8 108 2
8 111 4
8 113 1
8 145 2
8 37 2
8 9 2
8 107 1
9 29 3
9 41 1
9 133 4
9 141 4
9 72 2
9 143 3
9 100 2
9 16 2
10 147 1
10 104 1
10 69 2
10 79 1
10 58 4
10 40 3
10 144 5
10 136 3
11 124 2
11 83 1
11 117 1
11 105 4
11 140 4
11 123 3
11 77 5
11 139 1
11 100 3
12 91 4
12 111 2
12 64 1
12 100 1
12 92 1
12 110 4
12 97 1
12 136 2
13 121 3
13 23 2
13 93 2
13 142 5
13 134 1
13 55 2
13 68 2
13 78 5
13 76 3
13 107 2
13 57 4
13 74 5
13 67 4
13 124 4
13 34 1
13 81 4
13 79 5
14 95 5
14 80 3
14 22 1
14 28 2
14 130 2
14 24 1
15 92 2
15 51 2
15 118 2
15 94 3
15 25 3
15 89 2
15 86 3
15 123 3
15 119 2
16 100 1
16 83 5
16 102 5
16 138 5
16 53 2
16 88 3
16 122 3
16 41 1
16 36 4
16 24 4
16 79 3
16 111 5
16 119 2
17 79 4
17 118 1
17 73 1
17 33 3
17 63 2
17 90 2
17 20 4
17 115 3
17 38 1
17 132 1
17 78 2
17 61 2
17 39 4
17 85 3
17 109 1
17 146 1
17 138 1
18 46 1
18 49 1
18 29 5
18 81 2
18 136 5
18 24 2
18 130 1
18 26 1
18 76 1
18 115 1
18 47 2
18 80 5
18 79 1
18 111 1
18 38 2
18 82 5
19 140 3
19 30 5
19 48 5
19 128 3
19 47 5
19 29 5
19 20 3
19 127 4
19 100 1
19 82 4
19 79 3
19 108 3
19 33 5
20 30 1
20 47 4
20 43 1
20 137 1
20 132 4
20 128 3
20 109 2
20 115 5
20 76 3
20 148 1
21 54 2
21 82 1
21 78 4
21 108 2
21 126 2
21 121 2
21 99 2
21 84 3
21 129 4
21 130 5
21 110 4
21 109 5
21 101 5
21 145 1
21 23 4
21 85 1
21 106 3
21 87 5
22 84 3
22 115 1
22 63 2
22 28 2
22 146 1
22 76 3
22 72 5
22 85 2
22 117 1
22 96 3
22 120 3
22 69 5
22 81 2
22 91 1
22 57 3
23 109 1
23 79 1
23 99 1
23 95 1
23 128 1
23 148 2
23 114 4
23 47 5
23 127 4
23 36 2
23 112 1
23 129 3
23 90 1
23 107 1
23 82 2
23 40 2
23 132 1
23 111 3
23 54 1
23 104 4
23 130 4
23 32 4
23 146 1
23 125 3
24 27 5
24 101 1
24 49 4
24 108 4
24 105 5
24 28 5
24 35 2
24 33 3
24 96 1
24 149 5
24 67 3
24 83 5
25 122 4
25 37 2
25 148 2
25 75 1
25 70 5
25 47 4
25 111 4
25 138 5
25 106 5
25 51 2
25 65 1
26 135 4
26 147 5
26 47 1
26 38 1
26 37 2
26 75 4
26 112 2
26 144 4
26 43 5
26 76 4
27 123 4
27 132 3
27 48 3
27 97 2
27 36 2
27 43 2
27 81 3
27 147 3
27 104 5
27 111 3
28 66 5
28 135 1
28 39 3
28 103 1
28 53 4
28 36 1
28 102 4
28 44 3
29 87 2
29 122 2
29 107 5
29 132 1
29 92 3
29 89 1
29 71 5
30 133 5
30 43 5
30 81 2
30 92 4
30 83 2
30 108 4
30 41 3
30 139 2
30 51 4
30 144 2
30 82 3
31 53 5
31 127 5
31 94 5
31 110 4
31 116 1
31 39 5
31 65 5
31 44 2
31 61 3
32 116 5
32 67 1
32 118 3
32 41 4
32 134 1
32 51 4
32 93 3
32 44 2
32 138 3
32 110 2
32 64 5
32 113 4
32 100 2
32 131 3
33 66 3
33 113 4
33 95 2
33 79 4
33 141 1
33 124 2
33 127 3
33 59 5
33 145 5
34 128 1
34 50 3
34 131 3
34 35 3
34 100 2
34 54 1
34 136 2
34 46 3
34 110 3
34 145 3
34 84 4
35 110 4
35 95 1
35 113 2
35 40 4
35 139 4
35 63 2
35 85 5
35 135 3
35 42 3
35 47 2
35 83 3
35 130 4
35 66 4
35 126 5
35 76 5
36 146 4
36 113 5
36 114 3
36 129 3
36 116 1
36 52 4
36 83 5
36 47 4
36 43 4
36 45 3
36 137 3
36 138 4
37 70 1
37 110 4
37 71 4
37 125 2
37 130 5
37 58 1
37 56 2
38 58 3
38 67 4
38 143 4
38 102 5
38 74 5
38 41 2
38 118 2
38 149 4
38 144 1
38 123 3
38 136 1
38 101 3
38 65 4
38 98 5
39 73 3
39 91 1
39 148 3
39 81 3
39 130 1
39 45 4
39 147 2
40 72 1
40 139 3
40 41 4
40 91 5
40 144 2
40 66 3
40 57 2
40 114 2
40 126 2
41 71 3
41 46 1
41 96 3
41 121 2
41 135 5
41 42 1
41 73 4
42 103 1
42 141 2
42 74 2
42 113 1
42 94 2
42 140 2
42 135 3
43 123 1
43 45 1
43 119 5
43 101 3
43 93 2
43 55 4
43 113 2
43 59 5
44 117 1
44 139 1
44 65 4
44 148 4
44 69 4
44 122 4
44 133 5
45 56 4
45 135 3
45 144 5
45 90 3
45 104 5
45 111 2
45 63 2
46 107 5
46 95 2
46 57 1
46 130 1
46 55 3
46 79 2
46 141 4
47 87 2
47 90 1
47 53 4
47 122 4
47 98 4
47 52 1
47 77 4
47 121 5
47 57 4
47 83 1
47 123 1
48 135 4
48 96 5
48 102 5
48 67 3
48 76 3
48 98 5
48 69 4
48 95 3
48 88 3
48 74 5
48 90 3
48 84 1
48 80 1
49 108 5
49 125 4
49 80 3
50 108 3
50 54 2
50 118 5
50 136 2
50 100 1
50 77 3
50 106 2
51 119 1
51 78 1
51 59 5
51 94 2
51 52 5
51 121 3
51 132 5
51 133 3
51 56 5
52 142 3
52 134 1
52 97 4
52 76 1
52 136 5
52 96 1
52 118 5
52 144 5
52 100 4
53 57 5
53 104 5
53 149 1
53 148 1
53 116 1
53 58 1
53 98 5
53 145 2
53 77 2
54 67 2
54 73 1
54 110 2
54 132 1
54 83 1
54 74 5
54 69 5
54 135 5
55 98 4
55 128 3
55 130 3
55 105 5
55 144 4
55 76 1
55 103 3
55 79 5
55 67 1
56 124 3
56 119 3
56 117 2
56 65 2
56 94 5
56 113 5
56 132 4
56 60 4
57 66 4
57 146 5
57 81 4
57 72 2
57 149 3
57 87 4
57 137 5
58 73 2
58 117 2
58 63 5
58 78 1
58 107 5
58 79 5
58 111 3
58 115 2
58 132 2
58 86 1
59 143 4
59 73 3
59 117 5
59 129 3
59 67 4
59 65 5
59 63 3
59 142 5
59 102 3
60 114 2
60 76 5
60 74 3
60 78 3
60 109 1
60 111 4
60 77 2
60 82 4
60 124 3
61 138 3
61 140 3
61 86 5
61 88 3
61 135 4
62 94 2
62 118 1
62 71 3
62 120 5
62 68 2
62 93 4
62 70 3
62 85 1
62 103 2
62 97 1
62 135 4
62 84 5
63 113 2
63 69 2
63 117 3
63 70 4
64 138 4
64 88 1
64 92 2
64 120 4
64 147 1
64 123 3
64 68 4
64 142 1
65 119 3
65 128 2
65 149 4
65 86 1
65 125 2
65 87 2
66 121 4
66 130 4
66 127 5
66 68 1
66 97 4
67 128 5
67 110 3
67 80 3
68 85 5
68 90 3
68 130 4
68 138 2
68 111 3
68 73 1
68 145 4
68 104 2
68 143 4
69 76 1
69 145 3
69 120 5
69 80 1
69 122 4
69 107 5
69 108 4
69 121 4
70 141 4
70 74 2
71 112 4
71 142 1
71 137 1
72 149 4
72 109 2
72 124 4
72 136 4
72 116 1
72 90 1
72 141 1
72 93 4
72 110 4
73 126 5
73 77 3
73 78 2
73 81 4
73 100 1
73 105 5
73 135 3
73 75 2
74 124 3
74 107 2
74 78 4
74 117 2
74 136 2
74 137 2
74 146 5
75 137 5
75 121 1
75 116 3
75 136 1
75 78 4
75 106 1
75 110 1
75 131 3
75 149 4
75 90 2
76 98 4
76 92 5
76 144 2
76 99 4
76 87 3
76 125 2
76 81 4
76 104 4
77 102 2
77 91 2
77 144 2
77 92 3
78 137 4
78 108 2
78 87 4
78 120 2
78 144 4
79 142 3
79 90 3
79 128 4
79 100 2
79 140 4
79 91 5
79 110 1
79 132 5
79 111 3
79 113 1
80 85 1
80 100 1
80 120 4
80 92 4
80 83 1
80 115 1
80 124 5
80 118 2
80 94 2
80 102 3
80 149 5
81 111 1
81 115 4
81 110 3
81 98 1
82 108 4
82 103 3
82 127 2
82 109 4
83 119 2
83 124 1
84 107 5
84 125 5
84 104 1
84 121 1
84 85 4
84 88 3
84 86 2
84 106 5
84 110 5
84 144 5
85 146 4
85 127 2
85 122 1
85 118 4
85 114 4
85 130 5
85 104 4
86 135 1
86 147 5
86 102 3
86 96 5
86 117 2
86 99 2
87 136 3
87 143 3
87 88 1
87 132 5
87 111 5
87 148 5
88 147 4
88 119 3
88 100 2
88 137 1
88 148 5
88 116 5
88 90 4
89 109 4
89 149 1
90 91 5
90 118 4
90 98 5
90 131 2
91 102 5
91 138 4
91 144 3
91 143 3
91 122 1
92 121 5
92 110 1
93 106 3
93 108 2
93 148 5
93 116 3
94 115 2
94 114 4
95 138 1
95 114 2
95 125 1
95 97 3
95 142 5
95 136 2
95 117 3
96 124 4
96 136 1
96 122 3
96 109 2
96 125 3
96 115 4
96 128 4
97 119 3
97 117 1
97 147 5
97 121 5
97 133 3
98 116 3
98 129 3
98 135 2
99 115 1
99 124 3
99 149 3
99 103 4
99 110 3
99 105 2
100 146 1
100 113 3
100 112 2
100 145 3
101 142 3
101 102 1
102 111 1
102 140 5
102 104 4
102 146 2
102 125 5
102 109 2
102 135 5
103 130 4
103 108 5
104 129 5
104 128 5
104 121 3
104 137 1
104 124 2
104 142 3
105 137 4
105 149 2
105 125 1
105 115 4
105 138 3
105 113 1
106 107 3
106 130 5
106 140 5
106 131 3
107 111 4
107 149 2
107 127 1
107 141 5
107 135 2
108 118 4
108 125 3
108 131 3
108 127 4
108 142 3
108 135 3
109 115 4
110 124 5
110 119 2
110 123 2
110 137 2
110 126 1
110 136 3
111 123 1
111 124 1
111 121 1
112 138 3
113 143 3
113 138 1
113 141 5
114 122 2
114 129 2
114 139 4
115 127 4
115 146 1
115 123 5
115 141 4
115 121 2
115 124 5
116 119 3
116 136 1
116 125 5
116 133 5
116 149 2
117 130 1
117 146 5
117 126 5
117 127 2
119 133 1
119 144 2
120 128 2
120 141 3
120 124 2
121 123 3
122 142 3
122 127 4
122 149 5
123 126 1
123 136 1
124 134 5
124 145 4
124 137 1
126 137 5
127 144 3
127 134 2
128 139 1
129 148 4
129 144 5
129 149 2
130 144 5
131 140 1
132 137 2
132 145 1
133 148 3
134 141 4
134 143 4
134 137 3
135 148 4
135 142 2
135 140 1
137 148 3
138 148 5
139 142 4
139 147 4
140 141 2
141 145 1
145 148 4
