0 46 2
0 17 2
0 36 4
0 35 4
0 13 3
0 37 1
1 10 1
1 46 1
1 43 1
1 29 5
1 19 2
1 5 2
1 14 2
1 37 2
1 36 1
1 7 3
2 21 4
2 42 2
2 7 3
2 37 3
2 38 2
2 11 5
2 30 4
2 43 3
2 44 5
2 22 4
2 12 5
3 47 2
3 26 3
3 25 4
3 5 4
3 13 5
4 10 5
4 18 5
4 6 5
4 40 3
4 25 1
5 31 2
5 37 5
5 35 3
5 14 5
5 10 3
5 47 2
5 38 1
5 45 4
6 26 3
6 37 3
6 33 1
6 48 3
6 32 5
6 8 5
7 16 4
7 15 1
7 33 1
7 14 3
7 30 4
8 43 3
8 17 5
8 24 4
8 31 5
8 22 5
8 34 5
9 45 3
9 40 3
9 19 4
9 29 2
10 17 1
10 15 1
10 35 1
10 45 3
10 40 3
11 37 4
11 38 1
11 46 3
11 24 4
11 16 3
11 13 5
11 23 3
11 21 2
11 40 5
12 46 2
12 23 2
12 43 4
12 42 3
12 24 5
13 33 1
13 18 2
13 16 4
13 17 1
13 49 1
13 38 2
13 32 5
13 41 3
14 34 1
14 47 3
14 38 2
14 20 2
14 16 4
14 36 5
15 28 1
15 18 3
15 39 1
15 27 3
15 36 2
15 31 5
16 49 5
16 48 3
16 29 5
16 41 4
16 33 1
16 44 2
16 23 4
16 25 4
17 25 3
17 37 1
17 26 4
17 35 5
17 24 2
17 19 3
18 31 2
18 26 4
18 46 5
18 41 3
18 27 5
18 28 1
19 34 5
19 25 3
19 28 3
19 27 3
19 31 4
19 43 4
19 21 3
20 47 1
21 43 4
21 41 5
21 30 2
21 48 2
22 31 4
22 43 5
22 41 5
22 28 1
22 33 1
23 29 1
23 41 5
23 46 3
23 34 4
24 47 4
24 45 1
25 44 3
25 33 4
25 27 2
26 45 4
26 47 4
26 46 2
27 39 2
27 35 1
27 33 4
27 32 3
27 31 5
27 28 2
28 42 3
28 49 3
29 31 1
29 44 1
29 43 4
29 35 4
30 49 4
31 32 4
31 45 2
31 34 4
31 37 1
32 49 5
32 46 2
32 33 5
32 48 5
33 49 5
34 46 2
34 49 4
34 43 5
34 38 3
35 41 5
35 42 2
35 48 2
35 39 2
35 44 5
36 42 1
36 38 4
36 40 3
37 49 4
37 41 1
37 42 4
37 47 1
37 44 4
40 42 4
40 44 4
41 46 2
42 45 3
42 43 4
42 49 5
43 48 3
